    unsorted:	 171.3472991 171.3472991 171.3472991 171.3472991 171.3472991 171.3472991 171.3472991 171.3472991 171.3472991 171.3472991 298.0316347 314.3478148 270.8520805 276.6167723 332.3397036 221.0550371 223.2267537 196.8452217 179.1312368 376.0920021 397.9344795 427.8925573 445.9841875 492.8518374 544.2495506 66.09159566 656.1842907 830.9079974 897.1174762 926.8559352 1261.130431 1527.337466 1608.591725 1827.828429 1945.156343 2039.489585 2261.914783 2800.848416 3070.260387 3354.775740 4496.472972 4860.156550 5687.297023 6381.037075 7486.369815 8376.297282 10251.62107 15886.07359 20531.27379 28938.39357 39485.11781 53164.34521 75104.12059 7579835.728
      sorted:	 66.09159566 171.3472991 171.3472991 171.3472991 171.3472991 171.3472991 171.3472991 171.3472991 171.3472991 171.3472991 171.3472991 179.1312368 196.8452217 221.0550371 223.2267537 270.8520805 276.6167723 298.0316347 314.3478148 332.3397036 376.0920021 397.9344795 427.8925573 445.9841875 492.8518374 544.2495506 656.1842907 830.9079974 897.1174762 926.8559352 1261.130431 1527.337466 1608.591725 1827.828429 1945.156343 2039.489585 2261.914783 2800.848416 3070.260387 3354.775740 4496.472972 4860.156550 5687.297023 6381.037075 7486.369815 8376.297282 10251.62107 15886.07359 20531.27379 28938.39357 39485.11781 53164.34521 75104.12059 7579835.728
